id,weight
g/FSharp-14.0.23413.0/bin/FSharp.Core.xml,11120
g/FSharp-14.0.23413.0/bin/FSharp.Core/FSharp.Core.xml,9191
sts/fsharpqa/Source/Conformance/Expressions/DataExpressions/QueryExpressions/Customers.xml,5251
integration/src/FSharp.ProjectSystem.Base/Project/ProjectNode.cs,6764
sts/fsharpqa/testenv/bin/runall.pl,5426
integration/src/FSharp.ProjectSystem.PropertyPages/Resources/Microsoft.VisualStudio.Editors.Designer.Designer.vb,5250
integration/src/FSharp.LanguageService.Base/Source.cs,3082
integration/src/FSharp.ProjectSystem.PropertyPages/PropertyPages/PropPageUserControlBase.vb,4482
integration/src/FSharp.ProjectSystem.Base/Project/HierarchyNode.cs,3282
integration/src/FSharp.ProjectSystem.Base/Project/ProjectConfig.cs,1984
integration/src/FSharp.LanguageService.Base/LanguageService.cs,1727
g/FSharp-14.0.23413.0/bin/FsYacc.xml,1532
integration/src/FSharp.ProjectSystem.Base/Project/NodeProperties.cs,1448
integration/src/FSharp.ProjectSystem.PropertyPages/PropertyPages/PropertyControlData.vb,2373
integration/src/FSharp.LanguageService.Base/NativeMethods.cs,1637
g/FSharp-14.0.23413.0/bin/FsLex.xml,1313
integration/src/FSharp.ProjectSystem.PropertyPages/PropertyPages/BuildPropPage.vb,1830
integration/src/FSharp.LanguageService.Base/ViewFilter.cs,1210
integration/src/FSharp.ProjectSystem.PropertyPages/Common/Utils.vb,1478
integration/src/FSharp.ProjectSystem.Base/Project/ProjectNode.CopyPaste.cs,1173
sts/fsharpqa/Source/TypeProviders/Fields/Literals/TestTP/ArtificialType.cs,944
integration/src/FSharp.ProjectSystem.Base/Project/FileNode.cs,1075
integration/src/FSharp.LanguageService.Base/DocumentTask.cs,988
sts/fsharpqa/Source/TypeProviders/Interfaces/Erased/TestTP/ArtificialType.cs,874
integration/src/FSharp.LanguageService.Base/ExpansionProvider.cs,815
integration/src/FSharp.ProjectSystem.Base/Project/ProjectReferenceNode.cs,900
integration/src/FSharp.ProjectSystem.Base/Project/Utilities.cs,1007
integration/src/FSharp.ProjectSystem.Base/Project/Misc/NativeMethods.cs,857
sts/fsharpqa/Source/TypeProviders/Events/TestTP/ArtificialType.cs,784
integration/src/FSharp.ProjectSystem.Base/Project/IDEBuildLogger.cs,866
integration/src/FSharp.ProjectSystem.Base/Project/Misc/AutomationExtenderManager.cs,970
sts/fsharpqa/Source/TypeProviders/Generics/TestTP/ArtificialType.cs,756
integration/src/FSharp.ProjectSystem.Base/Project/ProjectFactory.cs,814
integration/src/FSharp.LanguageService.Base/Utilities.cs,808
sts/fsharpqa/Source/Conformance/DeclarationElements/CustomAttributes/ArgumentsOfAllTypes/CSLibraryWithAttributes.cs,901
integration/src/FSharp.ProjectSystem.Base/Project/Web/CodeBehindCodeGenerator.cs,861
integration/src/FSharp.ProjectSystem.Base/Project/ConfigProvider.cs,876
integration/tests/unittests/Resources.MockTypeProviders/DefinitionLocationAttributeLineDoesnotExist/ArtificialType.cs,771
integration/tests/unittests/Resources.MockTypeProviders/DefinitionLocationAttributeWithSpaceInTheType/ArtificialType.cs,771
integration/tests/unittests/Resources.MockTypeProviders/XmlDocAttributeWithLocalizedComment/ArtificialType.cs,767
integration/tests/unittests/Resources.MockTypeProviders/XmlDocAttributeWithAdequateComment/ArtificialType.cs,768
integration/tests/unittests/Resources.MockTypeProviders/XmlDocAttributeWithLongComment/ArtificialType.cs,767
integration/tests/unittests/Resources.MockTypeProviders/DefinitionLocationAttributeFileDoesnotExist/ArtificialType.cs,769
integration/tests/unittests/Resources.MockTypeProviders/XmlDocAttributeWithNullComment/ArtificialType.cs,767
integration/tests/unittests/Resources.MockTypeProviders/EditorHideMethodsAttribute/ArtificialType.cs,769
integration/tests/unittests/Resources.MockTypeProviders/DefinitionLocationAttribute/ArtificialType.cs,744
integration/tests/unittests/Resources.MockTypeProviders/XmlDocAttributeWithEmptyComment/ArtificialType.cs,768
integration/src/FSharp.ProjectSystem.Base/Project/ReferenceContainerNode.cs,684
integration/src/FSharp.ProjectSystem.Base/Project/AssemblyReferenceNode.cs,693
integration/src/FSharp.ProjectSystem.PropertyPages/PropertyPages/ApplicationPropPage.vb,844
sts/fsharpqa/Source/run.pl,837
integration/src/FSharp.ProjectSystem.PropertyPages/PropertyPages/PropPage.vb,860
integration/src/FSharp.ProjectSystem.Base/Project/DataObject.cs,615
integration/src/FSharp.ProjectSystem.PropertyPages/PropertyPages/DebugPropPage.vb,677
integration/src/FSharp.ProjectSystem.Base/Project/Web/VsHierarchyItem.cs,697
integration/src/FSharp.ProjectSystem.PropertyPages/PropertyPages/ReferencePathsPropPage.vb,663
integration/src/FSharp.LanguageService.Base/EditArray.cs,524
integration/src/FSharp.ProjectSystem.Base/Project/Automation/OAProject.cs,567
integration/src/FSharp.ProjectSystem.PropertyPages/Common/switches.vb,779
sts/fsharpqa/Source/TypeProviders/Properties/Static/TestTP/TypeProviderInCSharp.cs,463
sts/fsharp/perf/graph/test.ml,550
integration/src/FSharp.ProjectSystem.PropertyPages/Common/ShellUtil.vb,690
sts/fsharp/typecheck/sigs/build.bat,557
integration/src/FSharp.LanguageService.Base/CodeWindowManager.cs,490
integration/src/FSharp.ProjectSystem.PropertyPages/Resources/WCF.Designer.vb,608
integration/src/FSharp.ProjectSystem.PropertyPages/PropertyPages/BuildEventCommandLineDialog.vb,477
integration/src/FSharp.ProjectSystem.Base/Project/Automation/OAProjectItem.cs,482
integration/src/FSharp.ProjectSystem.Base/Project/FolderNode.cs,447
integration/src/FSharp.LanguageService.Base/Preferences.cs,399
integration/src/FSharp.ProjectSystem.Base/Project/Automation/OAFileItem.cs,426
integration/src/FSharp.ProjectSystem.PropertyPages/PropertyPages/ApplicationPropPageBase.vb,547
integration/src/FSharp.ProjectSystem.Base/Project/ProjectElement.cs,458
integration/src/FSharp.ProjectSystem.Base/Project/IVsSQM.cs,312
sts/fsharpqa/Source/TypeProviders/Interfaces/Erased/TestTP/ArtificialMethodInfo.cs,370
integration/src/FSharp.ProjectSystem.PropertyPages/Interop/NativeMethods.vb,426
integration/src/FSharp.ProjectSystem.Base/Project/Automation/VSProject/OAReferences.cs,345
integration/src/FSharp.ProjectSystem.Base/Project/GlobalSuppressions.cs,308
integration/src/FSharp.ProjectSystem.Base/Project/ConfigurationProperties.cs,333
integration/src/FSharp.ProjectSystem.Base/Project/Microsoft.VisualStudio.Package.Project.cs,302
integration/src/FSharp.ProjectSystem.Base/Project/ComReferenceNode.cs,373
sts/fsharp/single-test-run.bat,317
integration/src/FSharp.ProjectSystem.Base/Project/ReferenceNode.cs,387
integration/src/FSharp.ProjectSystem.Base/Project/StructuresEnums.cs,526
sts/fsharpqa/Source/TypeProviders/Properties/Static/TestTP/ArtificialType.cs,336
integration/src/FSharp.ProjectSystem.Base/Project/TypeConverters.cs,348
integration/src/FSharp.ProjectSystem.FSharp/Overview.xml,257
sts/fsharp/single-test-build.bat,312
integration/src/FSharp.ProjectSystem.Base/Project/DocumentManager.cs,339
integration/src/FSharp.LanguageService.Base/EditorView.cs,317
sts/fsharpqa/testenv/src/PartialTrustRunner/PartialTrustRunner.cs,327
sts/fsharpqa/Source/Conformance/TypeForwarding/Class/Class_Library.cs,285
integration/src/FSharp.ProjectSystem.PropertyPages/PropertyPages/BuildEventsPropPage.vb,371
sts/fsharpqa/Source/TypeProviders/Fields/Literals/TestTP/ArtificialFieldInfo.cs,249
sts/fsharp/core/fsfromcs/test.cs,290
integration/src/FSharp.ProjectSystem.Base/Project/Automation/OAProjectItems.cs,305
integration/deployment/EnableOpenSource/EnableOpenSource.csproj,211
integration/src/FSharp.ProjectSystem.Base/Project/ProjectSystem.Base.csproj,200
integration/src/FSharp.ProjectSystem.Base/RegistrationAttributes/WAProvideProjectFactoryAttribute.cs,241
integration/src/FSharp.ProjectSystem.Base/Project/SolutionListenerForProjectReferenceUpdate.cs,265
integration/src/FSharp.ProjectSystem.Base/Project/OutputGroup.cs,274
integration/src/FSharp.ProjectSystem.PropertyPages/DesignFramework/SourceCodeControlManager.vb,327
sts/fsharpqa/Source/Conformance/TypeForwarding/Struct/Struct_Library.cs,225
integration/src/FSharp.ProjectSystem.Base/Project/Automation/OAProperties.cs,251
integration/src/FSharp.ProjectSystem.PropertyPages/DesignFramework/DesignUtil.vb,380
integration/src/FSharp.ProjectSystem.Base/Project/OleServiceProvider.cs,244
integration/src/FSharp.ProjectSystem.PropertyPages/PropertyPages/PropPageHostDialog.vb,254
integration/src/FSharp.ProjectSystem.Base/Project/FileDocumentManager.cs,259
integration/src/FSharp.ProjectSystem.PropertyPages/DesignFramework/DesignerMenuCommand.vb,385
integration/src/FSharp.ProjectSystem.Base/Project/Automation/VSProject/OAVSProject.cs,207
sts/fsharp/typecheck/full-rank-arrays/Class1.cs,206
integration/src/FSharp.ProjectSystem.Base/Project/Automation/OANavigableProjectItems.cs,263
sts/config.bat,283
integration/src/FSharp.ProjectSystem.Base/Project/SolutionListener.cs,213
sts/fsharpqa/Source/CodeGen/EmittedIL/Misc/cas.cs,190
integration/src/FSharp.ProjectSystem.Base/Project/Automation/VSProject/OAReferenceBase.cs,197
integration/src/FSharp.ProjectSystem.Base/Project/ProjectFileConstants.cs,187
sts/fsharpqa/Source/TypeProviders/Events/TestTP/ArtificialPropertyInfo.cs,196
sts/fsharpqa/Source/TypeProviders/Interfaces/Erased/TestTP/TypeProviderInCSharp.cs,181
sts/fsharpqa/Source/TypeProviders/Interfaces/Erased/TestTP/ArtificialPropertyInfo.cs,187
integration/src/FSharp.ProjectSystem.PropertyPages/PropertyPages/PropertyListener.vb,275
sts/fsharpqa/Source/Conformance/TypeForwarding/Interface/Interface_Library.cs,210
integration/src/FSharp.LanguageService.Base/UnsafeNativeMethods.cs,221
integration/src/FSharp.ProjectSystem.Base/Project/Automation/VSProject/OAAssemblyReference.cs,158
sts/fsharpqa/Source/TypeProviders/Events/TestTP/ArtificialMethodInfo.cs,176
integration/src/Templates/ItemTemplates/ItemTemplates.csproj,154
sts/fsharpqa/testenv/src/PartialTrustRunner/ptrunnerlib.cs,196
sts/fsharpqa/Source/TypeProviders/Generics/TestTP/ArtificialMethodInfo.cs,169
sts/fsharpqa/Source/TypeProviders/Interfaces/Erased/TestTP/ArtificialParamInfo.cs,165
sts/fsharpqa/Source/TypeProviders/Properties/Static/TestTP/ArtificialParamInfo.cs,163
integration/src/FSharp.ProjectSystem.PropertyPages/PropertyPages/VSProductSKU.vb,252
sts/fsharpqa/Source/TypeProviders/Properties/Static/TestTP/ArtificialMethodInfo.cs,167
sts/fsharpqa/Source/TypeProviders/Generics/TestTP/ArtificialPropertyInfo.cs,168
integration/src/Templates/ProjectTemplates/ProjectTemplates.csproj,148
sts/fsharpqa/Source/Conformance/DeclarationElements/CustomAttributes/ArgumentsOfAllTypes/CSharpConsumer.cs,178
integration/src/FSharp.ProjectSystem.Base/Project/DesignPropertyDescriptor.cs,209
integration/src/FSharp.ProjectSystem.Base/Project/Web/WAUtilities.cs,186
integration/src/FSharp.ProjectSystem.PropertyPages/Common/DTEUtils.vb,292
integration/src/FSharp.ProjectSystem.Base/Project/FileChangeManager.cs,242
sts/fsharpqa/Source/TypeProviders/Properties/Static/TestTP/ArtificialPropertyInfo.cs,159
sts/fsharpqa/Source/Conformance/TypeForwarding/Class/Class_Forwarder.cs,158
integration/src/FSharp.ProjectSystem.PropertyPages/Resources/MyExtensibilityRes.Designer.vb,239
integration/tests/unittests/Resources.MockTypeProviders/DefinitionLocationAttribute/ArtificialPropertyInfo.cs,166
integration/tests/unittests/Resources.MockTypeProviders/XmlDocAttributeWithAdequateComment/ArtificialPropertyInfo.cs,181
integration/tests/unittests/Resources.MockTypeProviders/EditorHideMethodsAttribute/ArtificialPropertyInfo.cs,180
integration/tests/unittests/Resources.MockTypeProviders/XmlDocAttributeWithLongComment/ArtificialPropertyInfo.cs,180
integration/tests/unittests/Resources.MockTypeProviders/XmlDocAttributeWithLocalizedComment/ArtificialPropertyInfo.cs,179
integration/tests/unittests/Resources.MockTypeProviders/XmlDocAttributeWithNullComment/ArtificialPropertyInfo.cs,179
integration/tests/unittests/Resources.MockTypeProviders/DefinitionLocationAttributeLineDoesnotExist/ArtificialPropertyInfo.cs,181
sts/fsharpqa/Source/TypeProviders/Fields/Literals/TestTP/ArtificialConstructorInfo.cs,165
integration/src/FSharp.ProjectSystem.Base/Project/Automation/OAProperty.cs,200
integration/deployment/WDExpressDeployTemplates/WDExpressDeployTemplates.csproj,138
integration/deployment/VWDExpressDeployTemplates/VWDExpressDeployTemplates.csproj,138
integration/deployment/VsProDeployTemplates/VsProDeployTemplates.csproj,137
integration/tests/unittests/Resources.MockTypeProviders/XmlDocAttributeWithLocalizedComment/ArtificialMethodInfo.cs,167
integration/tests/unittests/Resources.MockTypeProviders/DefinitionLocationAttribute/ArtificialMethodInfo.cs,152
integration/tests/unittests/Resources.MockTypeProviders/XmlDocAttributeWithAdequateComment/ArtificialMethodInfo.cs,168
integration/tests/unittests/Resources.MockTypeProviders/XmlDocAttributeWithLongComment/ArtificialMethodInfo.cs,168
integration/tests/unittests/Resources.MockTypeProviders/DefinitionLocationAttributeFileDoesnotExist/ArtificialMethodInfo.cs,168
integration/tests/unittests/Resources.MockTypeProviders/XmlDocAttributeWithNullComment/ArtificialMethodInfo.cs,168
integration/tests/unittests/Resources.MockTypeProviders/XmlDocAttributeWithEmptyComment/ArtificialMethodInfo.cs,168
integration/src/FSharp.ProjectSystem.PropertyPages/DesignFramework/DesignerMessageBox.vb,279
integration/tests/unittests/Resources.MockTypeProviders/DefinitionLocationAttributeLineDoesnotExist/ArtificialMethodInfo.cs,168
integration/tests/unittests/Resources.MockTypeProviders/XmlDocAttributeWithLongComment/ArtificialParamInfo.cs,154
integration/tests/unittests/Resources.MockTypeProviders/DefinitionLocationAttribute/ArtificialParamInfo.cs,144
integration/tests/unittests/Resources.MockTypeProviders/XmlDocAttributeWithEmptyComment/ArtificialParamInfo.cs,156
integration/tests/unittests/Resources.MockTypeProviders/XmlDocAttributeWithAdequateComment/ArtificialParamInfo.cs,157
integration/tests/unittests/Resources.MockTypeProviders/XmlDocAttributeWithNullComment/ArtificialParamInfo.cs,155
sts/fsharpqa/Source/TypeProviders/Events/TestTP/ArtificialConstructorInfo.cs,151
integration/src/FSharp.LanguageService.Base/FSharp.LanguageService.Base.csproj,123
integration/src/FSharp.ProjectSystem.Base/Project/GroupingReferenceNode.cs,152
sts/fsharp/core/topinit/build.bat,194
sts/fsharpqa/Source/Libraries/Portable/parse_oracle.cs,173
sts/fsharpqa/Source/Conformance/ObjectOrientedTypeDefinitions/ClassTypes/MemberDeclarations/CSharpLibraryForSealed_Member_Override.cs,196
integration/src/FSharp.ProjectSystem.Base/Project/SecurityWarningDialog.cs,214
sts/fsharpqa/Source/TypeProviders/Interfaces/Erased/TestTP/ArtificalEventInfo.cs,138
integration/src/FSharp.LanguageService.Base/Colorizer.cs,142
sts/fsharpqa/Source/TypeProviders/Interfaces/Erased/TestTP/ArtificialConstructorInfo.cs,142
integration/src/FSharp.ProjectSystem.Base/Project/LinkedFileNode.cs,164
g/FSharp-14.0.23413.0/bin/FSharp.PowerPack.Build.Tasks.xml,164
sts/fsharpqa/Source/Conformance/TypeForwarding/Struct/Struct_Forwarder.cs,140
c/fsharp/FSharp.Core.Unittests/FSharp.Core.UnitTests.TestApp.csproj,120
integration/src/FSharp.LanguageService.Base/Microsoft.VisualStudio.Package.LanguageService.cs,131
sts/fsharpqa/Source/TypeProviders/Events/TestTP/TypeProviderInCSharp.cs,137
integration/src/FSharp.ProjectSystem.Base/Project/ImageHandler.cs,153
integration/src/FSharp.ProjectSystem.Base/Project/TrackDocumentsHelper.cs,171
sts/fsharpqa/Source/Conformance/TypeForwarding/Nested/Nested_Library.cs,135
sts/fsharpqa/Source/TypeProviders/Generics/TestTP/TypeProviderInCSharp.cs,132
integration/tests/unittests/Resources.MockTypeProviders/XmlDocAttributeWithLongComment/TypeProviderInCSharp.cs,150
integration/tests/unittests/Resources.MockTypeProviders/XmlDocAttributeWithNullComment/TypeProviderInCSharp.cs,150
integration/src/Templates/PortableLibraryProjectTemplates/PortableLibraryProjectTemplates.csproj,113
integration/src/Templates/NetCore259ProjectTemplates/NetCore259ProjectTemplates.csproj,113
integration/src/Templates/LibraryProjectTemplates/LibraryProjectTemplates.csproj,113
integration/src/Templates/NetCore78ProjectTemplates/NetCore78ProjectTemplates.csproj,113
integration/src/Templates/NetCoreProjectTemplates/NetCoreProjectTemplates.csproj,113
integration/src/FSharp.ProjectSystem.PropertyPages/PropertyPages/SingleConfigPropertyControlData.vb,206
integration/src/FSharp.ProjectSystem.Base/Project/SuspendFileChanges.cs,127
integration/src/FSharp.ProjectSystem.PropertyPages/DesignFramework/BaseDialog.vb,284
integration/src/FSharp.ProjectSystem.Base/RegistrationAttributes/EditorFactoryNotifyForProjectAttribute.cs,161
sts/fsharpqa/Source/TypeProviders/Generics/TestTP/ArtificialConstructorInfo.cs,120
integration/src/FSharp.ProjectSystem.Base/Project/SelectionListener.cs,130
integration/src/Templates/TutorialProjectTemplates/TutorialProjectTemplates.csproj,111
sts/fsharpqa/Source/TypeProviders/Events/TestTP/ArtificalEventInfo.cs,115
integration/src/FSharp.ProjectSystem.Base/Project/Web/FieldData.cs,117
integration/tests/unittests/Resources.MockTypeProviders/XmlDocAttributeWithNullComment/ArtificalEventInfo.cs,129
integration/tests/unittests/Resources.MockTypeProviders/XmlDocAttributeWithAdequateComment/ArtificalEventInfo.cs,130
integration/tests/unittests/Resources.MockTypeProviders/DefinitionLocationAttributeWithSpaceInTheType/ArtificalEventInfo.cs,131
integration/src/FSharp.ProjectSystem.Base/Project/SecurityWarningDialog.Designer.cs,152
integration/src/FSharp.ProjectSystem.Base/Project/Output.cs,136
integration/tests/unittests/Resources.MockTypeProviders/DefinitionLocationAttribute/ArtificalEventInfo.cs,120
integration/tests/unittests/Resources.MockTypeProviders/XmlDocAttributeWithLocalizedComment/ArtificalEventInfo.cs,129
integration/tests/unittests/Resources.MockTypeProviders/XmlDocAttributeWithLongComment/ArtificalEventInfo.cs,129
sts/fsharpqa/Source/TypeProviders/Fields/Literals/TestTP/TypeProviderInCSharp.cs,117
integration/tests/unittests/Resources.MockTypeProviders/XmlDocAttributeWithEmptyComment/ArtificalEventInfo.cs,130
integration/tests/unittests/Resources.MockTypeProviders/XmlDocAttributeWithLocalizedComment/ArtificialConstructorInfo.cs,134
integration/tests/unittests/Resources.MockTypeProviders/DefinitionLocationAttributeLineDoesnotExist/ArtificialConstructorInfo.cs,135
integration/tests/unittests/Resources.MockTypeProviders/XmlDocAttributeWithEmptyComment/ArtificialConstructorInfo.cs,135
sts/fsharp/core/members/stephen.ml,257
integration/tests/unittests/Resources.MockTypeProviders/XmlDocAttributeWithNullComment/ArtificialConstructorInfo.cs,135
integration/tests/unittests/Resources.MockTypeProviders/EditorHideMethodsAttribute/ArtificialConstructorInfo.cs,135
integration/tests/unittests/Resources.MockTypeProviders/XmlDocAttributeWithAdequateComment/ArtificialConstructorInfo.cs,135
integration/tests/unittests/Resources.MockTypeProviders/DefinitionLocationAttribute/ArtificialConstructorInfo.cs,124
integration/tests/unittests/Resources.MockTypeProviders/XmlDocAttributeWithLongComment/ArtificialConstructorInfo.cs,134
integration/tests/unittests/Resources.MockTypeProviders/DefinitionLocationAttributeLineDoesnotExist/TypeProviderInCSharp.cs,140
integration/tests/unittests/Resources.MockTypeProviders/DefinitionLocationAttributeWithSpaceInTheType/TypeProviderInCSharp.cs,141
integration/src/FSharp.ProjectSystem.Base/Project/Misc/ConnectionPointContainer.cs,115
sts/fsharp/single-neg-test.bat,117
integration/src/FSharp.ProjectSystem.PropertyPages/DesignFramework/BaseRootDesigner.vb,205
integration/src/FSharp.ProjectSystem.Base/RegistrationAttributes/WAProvideLanguagePropertyAttribute.cs,114
sts/fsharpqa/Source/Conformance/TypeForwarding/Delegate/Delegate_Library.cs,117
sts/fsharpqa/Source/Conformance/TypeForwarding/Cycle/Cycle_Forwarder.cs,98
sts/fsharpqa/Source/TypeProviders/Generics/TestTP/ArtificalEventInfo.cs,102
integration/src/FSharp.ProjectSystem.Base/Project/LocalizableProperties.cs,110
integration/src/Templates/ConsoleProjectTemplates/ConsoleProjectTemplates.csproj,96
integration/src/Templates/SilverlightProjectTemplates/SilverlightProjectTemplates.csproj,96
sts/fsharp/perf/nbody/test.ml,159
sts/fsharp/core/portable/ConsoleApplication1/Program.cs,113
sts/fsharp/typeProviders/negTests/build.bat,128
integration/src/FSharp.ProjectSystem.PropertyPages/HelpKeywords.vb,163
integration/src/FSharp.ProjectSystem.Base/RegistrationAttributes/ProvideAppCommandLineAttribute.cs,146
integration/src/FSharp.ProjectSystem.Base/RegistrationAttributes/ComponentPickerPropertyPageAttribute.cs,152
integration/src/FSharp.ProjectSystem.Base/Project/Automation/VSProject/OABuildManager.cs,104
integration/src/FSharp.ProjectSystem.Base/RegistrationAttributes/CodeGeneratorRegistrationAttribute.cs,149
sts/fsharpqa/Source/TypeProviders/Events/TestTP/TypeProviderInCSharp.csproj,88
integration/src/FSharp.LanguageService.Base/Interfaces.cs,95
integration/src/FSharp.LanguageService.Base/DocumentProperties.cs,112
integration/src/FSharp.ProjectSystem.Base/Project/Automation/VSProject/OAProjectReference.cs,85
sts/fsharp/core/netcore/ConsoleApplication1/portabletestentry.csproj,81
integration/src/FSharp.ProjectSystem.PropertyPages/Interop/win.vb,81
integration/src/FSharp.ProjectSystem.Base/Project/Automation/OANullProperty.cs,94
integration/src/FSharp.ProjectSystem.PropertyPages/Package/Constants.vb,100
sts/fsharp/optimize/basics/test.ml,107
integration/src/FSharp.ProjectSystem.PropertyPages/PropertyPages/FSharpApplicationPropPage.vb,116
integration/src/FSharp.LanguageService.Base/Scanner.cs,94
integration/src/FSharp.LanguageService.Base/ExternDll.cs,81
integration/src/FSharp.ProjectSystem.Base/Project/EnumDependencies.cs,84
sts/fsharpqa/Source/TypeProviders/Interfaces/Erased/TestTP/Helpers.cs,84
integration/src/FSharp.ProjectSystem.Base/Project/BuildDependency.cs,89
sts/fsharpqa/Source/TypeProviders/Fields/Literals/TestTP/Helpers.cs,76
integration/src/FSharp.ProjectSystem.PropertyPages/PropertyPages/TargetFrameworkAssemblies.vb,119
sts/fsharp/core/printing/build.bat,84
integration/src/FSharp.ProjectSystem.Base/Project/VsCommands.cs,92
integration/src/FSharp.ProjectSystem.Base/Project/SolutionListenerForProjectEvents.cs,98
sts/fsharp/core/fsi-reload/test1.ml,77
integration/src/FSharp.ProjectSystem.Base/Project/Interfaces.cs,134
integration/src/FSharp.ProjectSystem.Base/Project/Automation/VSProject/OAComReference.cs,71
integration/src/FSharp.ProjectSystem.Base/Project/Misc/ExternDll.cs,74
integration/src/FSharp.ProjectSystem.PropertyPages/PropertyPages/ChildPageSite.vb,179
sts/fsharp/typeProviders/helloWorld/build.bat,102
integration/src/FSharp.ProjectSystem.Base/Project/ProjectDesignerDocumentManager.cs,76
sts/fsharpqa/Source/Conformance/TypeForwarding/Nested/Nested_Forwarder.cs,65
sts/fsharp/core/portable/ConsoleApplication1/portabletestentry.csproj,66
integration/src/FSharp.ProjectSystem.Base/Project/SolutionListenerForProjectOpen.cs,66
c/fsharp/FSharp.Core.Unittests/App.xaml.cs,75
integration/src/FSharp.ProjectSystem.Base/Project/Automation/OAReferenceItem.cs,84
integration/src/FSharp.ProjectSystem.Base/Project/ProjectPackage.cs,76
sts/fsharpqa/Source/TypeProviders/Properties/Static/TestTP/Helpers.cs,76
sts/fsharpqa/Source/TypeProviders/Generics/TestTP/Helpers.cs,76
integration/src/FSharp.ProjectSystem.PropertyPages/Resources/Schemas/ConfigurationSnapshot.xsd,55
integration/src/FSharp.ProjectSystem.Base/Project/Tracing.cs,65
integration/src/FSharp.ProjectSystem.Base/Project/Automation/VSProject/OAVSProjectItem.cs,66
sts/fsharpqa/Source/TypeProviders/Generics/TestTP/TypeProviderInCSharp.csproj,61
sts/fsharp/core/fsfromcs/lib.ml,74
sts/fsharpqa/Source/TypeProviders/Fields/Literals/TestTP/TypeProviderInCSharp.csproj,56
integration/src/FSharp.ProjectSystem.Base/Project/Attributes.cs,67
sts/fsharp/core/queriesOverOData/run.bat,78
sts/fsharp/core/fsfromcs/CsClient.csproj,53
sts/fsharp/optimize/analyses/build.bat,71
integration/src/FSharp.ProjectSystem.PropertyPages/My Project/Settings.Designer.vb,65
sts/fsharp/typeProviders/globalNamespace/globalNamespaceTP.cs,70
integration/tests/unittests/Resources.MockTypeProviders/Helpers.cs,58
sts/fsharp/core/forwarders/build.bat,74
integration/src/FSharp.ProjectSystem.Base/Project/ProjectOptions.cs,88
tci.groovy,65
sts/fsharpqa/Source/TypeProviders/Interfaces/Erased/TestTP/TypeProviderInCSharp.csproj,56
integration/src/FSharp.ProjectSystem.Base/RegistrationAttributes/WAProvideProjectFactoryTemplateMappingAttribute.cs,64
integration/src/FSharp.ProjectSystem.Base/Project/Misc/UnsafeNativeMethods.cs,69
sts/fsharp/typeProviders/helloWorldCSharp/provider.cs,62
sts/fsharpqa/Source/TypeProviders/Properties/Static/TestTP/TypeProviderInCSharp.csproj,54
sts/fsharp/core/load-script/script.bat,47
sts/fsharpqa/Source/Conformance/ObjectOrientedTypeDefinitions/TypeExtensions/basic/GenericExtensionsCSLib.cs,53
integration/src/FSharp.ProjectSystem.PropertyPages/PropertyPages/BuildEventCommandLineDialogService.vb,74
integration/src/FSharp.ProjectSystem.Base/Project/Automation/OAReferenceFolderItem.cs,56
sts/run.pl,50
sts/fsharp/typeProviders/wedgeAssembly/build.bat,65
sts/fsharp/core/quotes/build.bat,71
sts/fsharp/core/attributes/cslib.cs,54
integration/src/FSharp.ProjectSystem.PropertyPages/PropertyPages/TargetFrameworkMoniker.vb,89
integration/src/FSharp.ProjectSystem.Base/Project/Automation/OAFolderItem.cs,51
integration/src/FSharp.ProjectSystem.Base/Project/Web/LockedDocData.cs,63
sts/fsharp/core/quotes/run.bat,61
sts/fsharp/core/verify/build.bat,63
sts/fsharp/core/queriesOverOData/build.bat,69
sts/fsharpqa/Source/Conformance/TypeForwarding/Interface/Interface_Forwarder.cs,59
integration/tests/unittests/Resources.MockTypeProviders/EditorHideMethodsAttribute/EditorHideMethodsAttribute.csproj,41
integration/tests/unittests/Resources.MockTypeProviders/XmlDocAttributeWithAdequateComment/XmlDocAttributeWithAdequateComment.csproj,41
integration/tests/unittests/Resources.MockTypeProviders/DefinitionLocationAttributeFileDoesnotExist/DefinitionLocationAttributeFileDoesnotExist.csproj,41
integration/tests/unittests/Resources.MockTypeProviders/DefinitionLocationAttributeLineDoesnotExist/DefinitionLocationAttributeLineDoesnotExist.csproj,41
integration/tests/unittests/Resources.MockTypeProviders/DefinitionLocationAttributeWithSpaceInTheType/DefinitionLocationAttributeWithSpaceInTheType.csproj,42
integration/src/FSharp.ProjectSystem.PropertyPages/PropertyPages/SKUMatrix.vb,67
integration/tests/unittests/Resources.MockTypeProviders/DefinitionLocationAttribute/DefinitionLocationAttribute.csproj,43
integration/src/FSharp.ProjectSystem.Base/RegistrationAttributes/SolutionPersistenceRegistrationAttribute.cs,79
integration/tests/unittests/Resources.MockTypeProviders/XmlDocAttributeWithNullComment/XmlDocAttributeWithNullComment.csproj,41
integration/tests/unittests/Resources.MockTypeProviders/XmlDocAttributeWithLongComment/XmlDocAttributeWithLongComment.csproj,41
integration/tests/unittests/Resources.MockTypeProviders/XmlDocAttributeWithLocalizedComment/XmlDocAttributeWithLocalizedComment.csproj,41
integration/tests/unittests/Resources.MockTypeProviders/XmlDocAttributeWithEmptyComment/XmlDocAttributeWithEmptyComment.csproj,41
sts/fsharp/core/quotesInMultipleModules/build.bat,66
sts/fsharp/optimize/inline/run.bat,50
sts/fsharp/core/quotesInMultipleModules/run.bat,57
sts/fsharpqa/Source/Import/InternalsConsumer.CSAssembly.cs,53
sts/fsharp/optimize/basics/run.bat,49
sts/fsharp/core/topinit/run.bat,59
integration/src/FSharp.ProjectSystem.Base/Project/VSShellUtilities.cs,58
sts/fsharp/core/forwarders/a.cs,71
sts/fsharp/core/resources/build.bat,62
integration/src/FSharp.ProjectSystem.Base/Project/PropertiesEditorLauncher.cs,55
sts/fsharp/core/events/testcs.cs,42
integration/src/SupportedRuntimes/SupportedRuntimes.xml,36
sts/fsharp/optimize/stats/run.bat,48
sts/fsharp/core/load-script/build.bat,51
sts/fsharp/core/queriesOverIQueryable/run.bat,52
sts/fsharpqa/Source/Import/ExtMethodsCSharp.cs,55
sts/fsharp/core/quotesDebugInfo/run.bat,52
integration/tests/unittests/app.config,35
sts/fsharp/tools/bundle/build.bat,55
integration/src/FSharp.ProjectSystem.PropertyPages/Resources/Resources.vb,891
sts/fsharpqa/Source/Conformance/TypeForwarding/Cycle/BuildAssembly.bat,42
sts/fsharp/core/fsfromcs/build.bat,49
integration/src/FSharp.ProjectSystem.PropertyPages/PropertyPages/ControlDataFlags.vb,48
integration/src/FSharp.ProjectSystem.PropertyPages/My Project/Resources.Designer.vb,55
sts/fsharp/core/hiding/build.bat,53
sts/fsharp/core/unicode/build.bat,51
sts/fsharp/optimize/inline/build.bat,46
sts/fsharpqa/Source/Conformance/ObjectOrientedTypeDefinitions/InterfaceTypes/CallFSharpInterface.cs,42
integration/src/FSharp.ProjectSystem.PropertyPages/Interop/IVbpackage.vb,53
sts/fsharp/regression/83/test.ml,46
sts/fsharpqa/Source/Conformance/DeclarationElements/MemberDefinitions/OptionalArguments/TestLib.cs,39
g/FSharp-14.0.23413.0/bin/SupportedRuntimes.xml,31
sts/fsharp/core/fsi-reload/run.bat,46
sts/fsharp/core/fsfromfsviacs/build.bat,45
sts/fsharp/core/fsi-shadowcopy/run.bat,41
integration/src/FSharp.ProjectSystem.PropertyPages/PropertyPages/ValidationException.vb,41
sts/fsharp/core/quotesDebugInfo/build.bat,44
sts/fsharp/typeProviders/build-typeprovider-test.bat,41
sts/fsharp/core/fsfromfsviacs/lib.ml,46
sts/fsharp/core/queriesOverIQueryable/build.bat,46
sts/fsharp/typeProviders/diamondAssembly/run.bat,41
sts/fsharp/core/fsfromfsviacs/lib2.cs,37
integration/src/FSharp.ProjectSystem.PropertyPages/Package/InternalException.vb,77
sts/fsharp/core/events/run.bat,37
sts/fsharpqa/Source/Import/EmLibCs.cs,38
sts/fsharpqa/Source/Misc/ParamArray.cs,33
sts/fsharp/core/events/build.bat,45
sts/fsharp/regression/655/build.bat,39
sts/fsharp/regression/655/run.bat,37
integration/src/FSharp.ProjectSystem.PropertyPages/app.config,26
integration/src/FSharp.ProjectSystem.Base/Project/VSMDCodeDomProvider.cs,30
sts/fsharp/regression/85/build.bat,39
sts/fsharpqa/Source/Conformance/TypeForwarding/Cycle/Cycle_Library.cs,32
sts/fsharp/core/queriesCustomQueryOps/build.bat,42
sts/fsharp/core/resources/run.bat,41
sts/fsharp/core/unicode/run.bat,55
sts/fsharp/regression/26/test.ml,32
sts/fsharp/regression/656/run.bat,33
sts/fsharp/core/parsing/build.bat,42
sts/fsharpqa/testenv/src/nunit/nunit-console.exe.config,24
sts/fsharp/core/topinit/test.cs,34
sts/fsharp/core/ilread/build.bat,35
sts/fsharp/typeProviders/diamondAssembly/build.bat,35
sts/fsharpqa/Source/Conformance/TypeForwarding/Cycle/Cycle_Library003.cs,31
sts/fsharpqa/testenv/src/nunit/nunit-console-x86.exe.config,24
sts/fsharpqa/Source/Conformance/DeclarationElements/P-invokeDeclarations/CallingConvTestLib.cpp,33
integration/src/FSharp.LanguageService.Base/Tracing.cs,27
sts/fsharp/typecheck/misc/test.ml,37
sts/fsharp/optimize/basics/build.bat,34
sts/fsharp/regression/656/build.bat,32
sts/fsharp/PickPermutations.ps1,31
sts/fsharp/regression/tuple-bug-1/test.ml,30
sts/fsharp/regression/321/test.ml,29
sts/fsharpqa/Source/Import/Conversion.cs,28
integration/src/FSharp.ProjectSystem.Base/Project/ProjectNode.Events.cs,28
integration/src/FSharp.ProjectSystem.Base/Project/VSProjectConstants.cs,28
sts/fsharp/core/fsfromcs/run.bat,32
sts/fsharp/typeProviders/helloWorldCSharp/build.bat,36
sts/fsharp/core/fsfromfsviacs/run.bat,30
sts/fsharpqa/Source/Misc/NestedClasses.cs,26
sts/fsharp/regression/83/build.bat,31
sts/fsharp/core/fsiAndModifiers/run.bat,29
integration/src/FSharp.ProjectSystem.Base/Project/AssemblyInfo.cs,28
sts/fsharpqa/Source/Conformance/ObjectOrientedTypeDefinitions/DelegateTypes/IDelegateBinding.cs,24
sts/fsharp/core/verify/run.bat,29
sts/fsharp/core/interop/build.bat,26
integration/src/FSharp.ProjectSystem.PropertyPages/Interop/IVsAppId.vb,41
sts/fsharpqa/testenv/src/ExecAssembly/open/App.config,19
integration/src/FSharp.ProjectSystem.PropertyPages/Common/ArgumentValidation.vb,45
integration/src/FSharp.ProjectSystem.FSharp/FSharp.ProjectSystem.FSharp.dll.config,19
sts/fsharp/core/internalsvisible/librarycs.cs,19
sts/fsharp/typeProviders/wedgeAssembly/run.bat,28
sts/fsharpqa/testenv/src/ExecAssembly/closed/App.config,19
sts/fsharpqa/Source/Conformance/ObjectOrientedTypeDefinitions/ClassTypes/InheritsDeclarations/CSharpClassLibrary.cs,28
pveyor.yml,29
c/fsharp/FSharp.Core.Unittests/FSharp.Core/Microsoft.FSharp.Control/App.config,19
sts/fsharpqa/Source/Import/LineDirectiveLib.cs,21
g/FSharp-14.0.23413.0/bin/Fsc.exe.config,18
integration/src/FSharp.LanguageService.Base/Properties/AssemblyInfo.cs,42
sts/fsharpqa/Source/Conformance/ObjectOrientedTypeDefinitions/InterfaceTypes/MultipleInterfaceInheritanceFromCS.cs,32
c/fsharp/Fsc/fsc.exe.config,18
sts/fsharpqa/Source/Conformance/DeclarationElements/MemberDefinitions/OverloadingMembers/lib.cs,20
sts/fsharpqa/Source/Import/E_SealedMethod.cs,28
sts/fsharpqa/Source/Conformance/DeclarationElements/MemberDefinitions/OptionalArguments/TestLibVB.vb,19
sts/fsharpqa/Source/Conformance/ObjectOrientedTypeDefinitions/AbstractMembers/AbstractTypeLib.cs,19
c/fsharp/fsi/fsiAnyCPU.exe.config,17
sts/fsharp/regression/85/run.bat,25
g/FSharp-14.0.23413.0/bin/FsiAnyCPU.exe.config,17
integration/src/FSharp.ProjectSystem.PropertyPages/PropertyPages/ProjectReloadedException.vb,42
ckages.config,17
sts/fsharp/core/ilread/run.bat,22
sts/fsharpqa/Source/Conformance/ObjectOrientedTypeDefinitions/ClassTypes/InheritsDeclarations/HideBySig.cs,17
sts/fsharpqa/Source/Conformance/ObjectOrientedTypeDefinitions/AbstractMembers/BaseClassAndInterface.cs,19
sts/fsharp/core/unitsOfMeasure/build.bat,23
integration/src/FSharp.ProjectSystem.PropertyPages/My Project/AssemblyInfo.vb,37
sts/fsharp/core/forwarders/b.cs,22
integration/deployment/EnableOpenSource/Properties/AssemblyInfo.cs,34
sts/fsharpqa/Source/Conformance/ObjectOrientedTypeDefinitions/ClassTypes/AutoProperties/BaseClass01.cs,17
sts/fsharp/core/netcore/netcore259/run.bat,23
integration/src/FSharp.ProjectSystem.Base/Project/BuildPropertyPage.cs,22
sts/fsharp/core/netcore/netcore78/run.bat,23
sts/fsharp/typeProviders/splitAssembly/build.bat,23
sts/fsharp/core/portable/ConsoleApplication1/Properties/AssemblyInfo.cs,36
sts/fsharp/core/portable/run.bat,23
sts/fsharp/core/hiding/client.ml,23
g/FSharp-14.0.23413.0/bin/FsYacc.exe.config,15
sts/fsharp/core/netcore/netcore7/run.bat,23
g/FSharp-14.0.23413.0/bin/pub.config,15
integration/src/FSharp.ProjectSystem.PropertyPages/Interop/IVsBuildEventCommandLineDialogService.vb,20
integration/src/FSharp.ProjectSystem.PropertyPages/AssemblyInfo.vb,19
integration/src/FSharp.ProjectSystem.PropertyPages/Interop/ILangInactiveCfgPropertyNotifySink.vb,22
sts/fsharpqa/Source/Conformance/BasicTypeAndModuleDefinitions/ExceptionDefinitions/CSharpException.cs,15
sts/fsharpqa/Source/TypeProviders/Events/TestTP/Helpers.cs,21
sts/fsharp/core/parsing/toplet.ml,15
sts/fsharp/typeProviders/helloWorldCSharp/run.bat,21
sts/fsharpqa/Source/Conformance/TypeForwarding/Delegate/Delegate_Forwarder.cs,16
sts/fsharpqa/Source/CodeGen/Structure/ReadWriteLib.cs,15
sts/fsharpqa/Source/Conformance/ObjectOrientedTypeDefinitions/TypeExtensions/basic/Experiment.cs,20
sts/fsharp/regression/655/xlibC.ml,15
sts/fsharp/typeProviders/globalNamespace/build.bat,22
integration/src/FSharp.ProjectSystem.PropertyPages/Interop/IVsBuildEventMacroProvider.vb,18
sts/fsharpqa/Source/CompilerOptions/fsc/highentropyva/CheckHighEntropyASLR.bat,18
sts/fsharpqa/Source/CompilerOptions/fsc/subsystemversion/CheckSubsystemVersion.bat,17
integration/src/FSharp.ProjectSystem.PropertyPages/Common/wmuserconstants.vb,18
sts/fsharp/typeProviders/builtin/test.exe.config,12
sts/fsharp/core/fsiAndModifiers/build.bat,17
sts/fsharp/Properties/AssemblyInfo.cs,33
sts/fsharp/typeProviders/builtin/SqlDataConnection/run.bat,17
c/fsharp/FSharp.Core.Unittests/FSharp.Core.Unittests.dll.config,12
sts/fsharp/core/fsi-reload/test1b.ml,18
sts/fsharp/regression/83/run.bat,16
sts/Upload-Results.ps1,17
sts/fsharp/core/fsi-reload/build.bat,19
sts/fsharp/DecidePEVerify.ps1,18
integration/src/FSharp.LanguageService.Base/InternalsVisibleTo.cs,16
sts/fsharpqa/Source/Conformance/ObjectOrientedTypeDefinitions/EnumTypes/CallFSharpEnum.cs,12
sts/fsharpqa/Source/Conformance/ObjectOrientedTypeDefinitions/TypeExtensions/basic/CSLibExtendingFS.cs,16
c/fsharp/Fsc-proto/fsc-proto.exe.config,11
sts/fsharp/core/unitsOfMeasure/run.bat,16
sts/fsharpqa/Source/Conformance/ObjectOrientedTypeDefinitions/InterfaceTypes/ConsumeFromFS.cs,19
sts/fsharpqa/testenv/src/HostedCompilerServer/App.config,10
sts/fsharp/core/fsi-reload/test1a.ml,15
sts/fsharp/core/hiding/lib3.ml,22
sts/fsharp/core/array/run.bat,15
sts/fsharpqa/Source/Import/MultipleImplicitOperatorsInCS01.cs,9
sts/fsharp/core/quotes/cslib.cs,11
sts/fsharp/regression/84/test.ml,11
integration/src/FSharp.ProjectSystem.Base/Project/InternalsVisibleTo.cs,12
sts/fsharp/core/members/factors/run.bat,14
sts/fsharpqa/Source/Libraries/Portable/consumer.cs,14
sts/fsharp/core/hiding/lib.ml,14
sts/fsharp/core/members/incremental/run.bat,13
sts/fsharpqa/Source/Conformance/ObjectOrientedTypeDefinitions/AbstractMembers/BaseClass.cs,13
sts/fsharpqa/Source/Conformance/ObjectOrientedTypeDefinitions/EnumTypes/ConsumeFromFS.cs,9
sts/fsharpqa/Source/Conformance/ObjectOrientedTypeDefinitions/InterfaceTypes/TwoInstantiationOfTheSameInterfaceDLL.cs,14
sts/fsharpqa/Source/Import/MultipleExplicitOperatorsInCS01.cs,9
sts/fsharp/core/seq/run.bat,13
sts/fsharp/core/hiding/libv.ml,15
sts/fsharpqa/Source/Conformance/Expressions/DataExpressions/ObjectExpressions/Helper.cs,9
sts/fsharp/core/netcore/netcore7/build.bat,10
integration/src/FSharp.ProjectSystem.PropertyPages/PropertyPages/ValidationResult.vb,18
sts/fsharp/core/netcore/netcore78/build.bat,10
sts/fsharpqa/Source/Conformance/InferenceProcedures/WellFormednessChecking/CSharpBaseDerived.cs,11
sts/fsharp/typeProviders/builtin/SqlEntityConnection/run.bat,13
sts/fsharp/core/hiding/lib2.ml,13
sts/fsharpqa/Source/Conformance/DeclarationElements/AccessibilityAnnotations/OnTypeMembers/BaseClass.cs,8
sts/fsharpqa/Source/Conformance/Expressions/DataExpressions/AddressOf/addressof002dll.cs,8
sts/fsharp/core/portable/build.bat,11
sts/fsharpqa/Source/Conformance/Expressions/DataExpressions/AddressOf/addressof001dll.cs,8
sts/fsharp/core/netcore/netcore259/build.bat,10
c/fsharp/FSharp.Core.Unittests/App.xaml,8
sts/fsharpqa/Source/TypeProviders/Attributes/library.cs,8
sts/fsharpqa/Source/Conformance/TypeForwarding/Cycle/checkForward.bat,7
sts/fsharpqa/Source/Conformance/ImplementationFilesAndSignatureFiles/NamespacesFragmentsAndImplementationFiles/global/CSharpDll.cs,10
sts/fsharpqa/Source/Conformance/Expressions/ExpressionQuotations/Regressions/SimpleEnum.cs,7
sts/fsharp/core/hiding/lib.mli,11
sts/fsharp/core/controlMailbox/repeat.bat,13
sts/fsharpqa/Source/Import/CSharpLibrary.cs,11
integration/src/FSharp.ProjectSystem.PropertyPages/Common/MyApplicationProperties.vb,19
sts/fsharp/regression/86/test.ml,11
sts/fsharpqa/Source/Conformance/Expressions/DataExpressions/AddressOf/addressof003dll.c,11
sts/fsharp/typeProviders/splitAssembly/run.bat,10
integration/src/Templates/ConsoleProjectTemplates/ProjectTemplates/ConsoleApplication/App.config,6
sts/fsharp/core/hiding/lib2.mli,11
sts/fsharpqa/Source/Misc/StaticMethodValueTypeLib.cs,6
sts/fsharp/regression/85/Category.ml,8
c/fsharp/FSharp.Core.Unittests/Properties/AppManifest.xml,6
sts/fsharpqa/Source/Conformance/TypeForwarding/Struct/checkForward.bat,6
sts/fsharpqa/testenv/src/diff/App.config,6
sts/fsharp/typeProviders/helloWorld/run.bat,10
sts/fsharpqa/Source/Libraries/Core/NativeInterop/stackalloc/publictypes.cs,12
sts/fsharpqa/Source/Conformance/Expressions/ExpressionQuotations/Regressions/SimpleStruct.cs,5
sts/fsharp/core/namespaces/run.bat,9
sts/fsharp/typecheck/full-rank-arrays/build.bat,9
sts/fsharpqa/Source/Conformance/TypeForwarding/Nested/BuildCSharp.bat,4
sts/fsharp/core/printf/run.bat,8
sts/fsharp/core/printf/build.bat,8
sts/fsharp/typeProviders/builtin/SqlEntityConnection/build.bat,8
sts/fsharp/core/math/numbersVS2008/run.bat,10
sts/fsharp/typeProviders/builtin/WsdlService/build.bat,8
sts/fsharp/core/topinit/lib.ml,13
sts/fsharpqa/Source/Import/static_csharp_class.cs,4
sts/fsharp/typecheck/misc/run.bat,5
sts/fsharp/tools/eval/run.bat,7
sts/fsharpqa/Source/OCamlCompat/mlExtention02.ml,3
sts/fsharp/regression/tuple-bug-1/run.bat,4
sts/fsharp/core/csext/run.bat,7
sts/fsharp/core/unicode/utf8source.ml,8
sts/fsharpqa/Source/Conformance/TypeForwarding/Struct/BuildAssembly.bat,3
sts/fsharp/tools/eval/build.bat,6
sts/fsharp/typecheck/misc/build.bat,5
sts/fsharp/core/members/ops/build.bat,6
sts/fsharpqa/Source/OCamlCompat/E_mlExtention01.ml,3
integration/src/Templates/ItemTemplates/ItemTemplates/AppConfig/App.config,3
sts/fsharp/core/csext/build.bat,6
sts/fsharpqa/Source/Conformance/TypeForwarding/Delegate/BuildAssembly.bat,3
sts/fsharpqa/Source/Conformance/TypeForwarding/Class/BuildAssembly.bat,3
sts/fsharp/typeProviders/builtin/WsdlService/run.bat,7
sts/fsharpqa/Source/Conformance/TypeForwarding/Interface/BuildAssembly.bat,3
integration/src/FSharp.ProjectSystem.PropertyPages/My Project/Application.Designer.vb,5
sts/fsharp/regression/tuple-bug-1/build.bat,7
sts/fsharp/core/tlr/run.bat,6
sts/fsharpqa/Source/OCamlCompat/W_mlExtention03.ml,3
sts/fsharpqa/Source/Conformance/TypeForwarding/Struct/CheckRuntimeException.bat,2
sts/fsharp/core/interop/run.bat,2
integration/src/Templates/ItemTemplates/ItemTemplates/XMLFile/XMLFile.xml,2
sts/fsharp/core/parsing/crlf.ml,2
sts/fsharp/regression/321/test.mli,3
integration/src/FSharp.ProjectSystem.Base/Project/UpdateSolutionEventsListener.cs,3
